data/arcascii/small_crm.asc~
ncols        241
nrows        241
xllcorner    -79.900416666667
yllcorner    29.399583333333
cellsize     0.000833333333
[rows 152 to 189 of 241, columns 0 to 83 of 241]
-679 -681 -683 -685 -686 -688 -689 -690 -691 -692 -692 -692 -692 -692 -692 -693 -693 -693 -693 -693 -693 -693 -694 -694 -694 -694 -694 -694 -695 -695 -695 -695 -695 -696 -696 -696 -696 -696 -696 -697 -697 -697 -697 -697 -697 -697 -698 -698 -698 -698 -698 -698 -698 -698 -698 -698 -699 -699 -699 -699 -699 -699 -699 -699 -699 -699 -699 -699 -699 -699 -699 -699 -699 -700 -700 -700 -700 -700 -700 -700 -700 -700 -700 -700
-678 -680 -682 -683 -685 -687 -688 -689 -690 -690 -691 -691 -691 -691 -692 -692 -692 -692 -692 -692 -693 -693 -693 -693 -693 -694 -694 -694 -694 -694 -695 -695 -695 -695 -695 -696 -696 -696 -696 -696 -697 -697 -697 -697 -697 -697 -697 -698 -698 -698 -698 -698 -698 -698 -698 -698 -698 -699 -699 -699 -699 -699 -699 -699 -699 -699 -699 -699 -699 -699 -699 -699 -699 -700 -700 -700 -700 -700 -700 -700 -700 -700 -700 -700
-676 -678 -680 -682 -684 -685 -686 -688 -688 -689 -689 -690 -690 -690 -691 -691 -691 -691 -691 -692 -692 -692 -692 -693 -693 -693 -693 -694 -694 -694 -694 -695 -695 -695 -695 -695 -696 -696 -696 -696 -696 -697 -697 -697 -697 -697 -697 -697 -698 -698 -698 -698 -698 -698 -698 -698 -698 -699 -699 -699 -699 -699 -699 -699 -699 -699 -699 -699 -699 -699 -699 -699 -699 -699 -700 -700 -700 -700 -700 -700 -700 -700 -700 -700
-675 -677 -679 -681 -682 -684 -685 -686 -687 -688 -688 -688 -689 -689 -690 -690 -690 -690 -691 -691 -691 -692 -692 -692 -692 -693 -693 -693 -694 -694 -694 -694 -695 -695 -695 -695 -695 -696 -696 -696 -696 -696 -697 -697 -697 -697 -697 -697 -697 -698 -698 -698 -698 -698 -698 -698 -698 -698 -699 -699 -699 -699 -699 -699 -699 -699 -699 -699 -699 -699 -699 -699 -699 -699 -700 -700 -700 -700 -700 -700 -700 -700 -700 -700
-673 -675 -677 -679 -681 -682 -683 -684 -685 -686 -687 -687 -688 -688 -689 -689 -689 -690 -690 -690 -691 -691 -691 -692 -692 -692 -693 -693 -693 -693 -694 -694 -694 -694 -695 -695 -695 -695 -696 -696 -696 -696 -696 -697 -697 -697 -697 -697 -697 -698 -698 -698 -698 -698 -698 -698 -698 -698 -699 -699 -699 -699 -699 -699 -699 -699 -699 -699 -699 -699 -699 -699 -699 -699 -700 -700 -700 -700 -700 -700 -700 -700 -700 -700
-672 -674 -675 -677 -679 -680 -682 -683 -684 -685 -685 -686 -687 -687 -688 -688 -688 -689 -689 -690 -690 -690 -691 -691 -691 -692 -692 -692 -693 -693 -693 -694 -694 -694 -694 -695 -695 -695 -695 -696 -696 -696 -696 -696 -697 -697 -697 -697 -697 -697 -698 -698 -698 -698 -698 -698 -698 -698 -698 -699 -699 -699 -699 -699 -699 -699 -699 -699 -699 -699 -699 -699 -699 -699 -700 -700 -700 -700 -700 -700 -700 -700 -700 -700
-670 -672 -674 -676 -677 -679 -680 -681 -682 -683 -684 -685 -685 -686 -687 -687 -688 -688 -689 -689 -689 -690 -690 -691 -691 -691 -692 -692 -692 -693 -693 -693 -694 -694 -694 -695 -695 -695 -695 -695 -696 -696 -696 -696 -697 -697 -697 -697 -697 -697 -697 -698 -698 -698 -698 -698 -698 -698 -698 -699 -699 -699 -699 -699 -699 -699 -699 -699 -699 -699 -699 -699 -699 -699 -699 -700 -700 -700 -700 -700 -700 -700 -700 -700
-669 -671 -672 -674 -676 -677 -679 -680 -681 -682 -683 -683 -684 -685 -686 -686 -687 -687 -688 -688 -689 -689 -690 -690 -691 -691 -691 -692 -692 -692 -693 -693 -693 -694 -694 -694 -695 -695 -695 -695 -696 -696 -696 -696 -696 -697 -697 -697 -697 -697 -697 -698 -698 -698 -698 -698 -698 -698 -698 -698 -699 -699 -699 -699 -699 -699 -699 -699 -699 -699 -699 -699 -699 -699 -699 -700 -700 -700 -700 -700 -700 -700 -700 -700
-667 -669 -671 -673 -674 -676 -677 -678 -679 -680 -681 -682 -683 -684 -685 -685 -686 -686 -687 -688 -688 -689 -689 -690 -690 -690 -691 -691 -692 -692 -692 -693 -693 -693 -694 -694 -694 -695 -695 -695 -695 -696 -696 -696 -696 -696 -697 -697 -697 -697 -697 -697 -698 -698 -698 -698 -698 -698 -698 -698 -699 -699 -699 -699 -699 -699 -699 -699 -699 -699 -699 -699 -699 -699 -699 -700 -700 -700 -700 -700 -700 -700 -700 -700
-666 -668 -670 -671 -673 -674 -676 -677 -678 -679 -680 -681 -682 -683 -684 -684 -685 -686 -686 -687 -687 -688 -689 -689 -690 -690 -690 -691 -691 -692 -692 -693 -693 -693 -694 -694 -694 -694 -695 -695 -695 -696 -696 -696 -696 -696 -697 -697 -697 -697 -697 -697 -698 -698 -698 -698 -698 -698 -698 -698 -699 -699 -699 -699 -699 -699 -699 -699 -699 -699 -699 -699 -699 -699 -699 -700 -700 -700 -700 -700 -700 -700 -700 -700
-665 -667 -668 -670 -671 -673 -674 -676 -677 -678 -679 -680 -681 -682 -683 -683 -684 -685 -686 -686 -687 -687 -688 -689 -689 -690 -690 -691 -691 -691 -692 -692 -693 -693 -693 -694 -694 -694 -695 -695 -695 -695 -696 -696 -696 -696 -697 -697 -697 -697 -697 -697 -698 -698 -698 -698 -698 -698 -698 -698 -699 -699 -699 -699 -699 -699 -699 -699 -699 -699 -699 -699 -699 -699 -699 -700 -700 -700 -700 -700 -700 -700 -700 -700
-664 -665 -667 -669 -670 -672 -673 -674 -676 -677 -678 -679 -680 -681 -682 -683 -683 -684 -685 -686 -686 -687 -688 -688 -689 -689 -690 -690 -691 -691 -692 -692 -692 -693 -693 -693 -694 -694 -694 -695 -695 -695 -696 -696 -696 -696 -696 -697 -697 -697 -697 -697 -697 -698 -698 -698 -698 -698 -698 -698 -698 -699 -699 -699 -699 -699 -699 -699 -699 -699 -699 -699 -699 -699 -699 -700 -700 -700 -700 -700 -700 -700 -700 -700
-662 -664 -666 -667 -669 -670 -672 -673 -675 -676 -677 -678 -679 -680 -681 -682 -683 -684 -684 -685 -686 -686 -687 -688 -688 -689 -689 -690 -690 -691 -691 -692 -692 -693 -693 -693 -694 -694 -694 -695 -695 -695 -695 -696 -696 -696 -696 -697 -697 -697 -697 -697 -697 -698 -698 -698 -698 -698 -698 -698 -698 -699 -699 -699 -699 -699 -699 -699 -699 -699 -699 -699 -699 -699 -699 -700 -700 -700 -700 -700 -700 -700 -700 -700
-661 -663 -665 -666 -668 -669 -671 -672 -673 -675 -676 -677 -678 -679 -680 -681 -682 -683 -684 -684 -685 -686 -687 -687 -688 -688 -689 -690 -690 -691 -691 -692 -692 -692 -693 -693 -693 -694 -694 -694 -695 -695 -695 -696 -696 -696 -696 -696 -697 -697 -697 -697 -697 -698 -698 -698 -698 -698 -698 -698 -698 -699 -699 -699 -699 -699 -699 -699 -699 -699 -699 -699 -699 -699 -699 -700 -700 -700 -700 -700 -700 -700 -700 -700
-660 -662 -663 -665 -667 -668 -670 -671 -672 -674 -675 -676 -677 -678 -679 -680 -681 -682 -683 -684 -685 -685 -686 -687 -687 -688 -689 -689 -690 -690 -691 -691 -692 -692 -693 -693 -693 -694 -694 -694 -695 -695 -695 -696 -696 -696 -696 -696 -697 -697 -697 -697 -697 -698 -698 -698 -698 -698 -698 -698 -698 -699 -699 -699 -699 -699 -699 -699 -699 -699 -699 -699 -699 -699 -699 -700 -700 -700 -700 -700 -700 -700 -700 -700
-659 -661 -662 -664 -666 -667 -669 -670 -672 -673 -674 -675 -677 -678 -679 -680 -681 -682 -683 -683 -684 -685 -686 -686 -687 -688 -688 -689 -690 -690 -691 -691 -692 -692 -692 -693 -693 -694 -694 -694 -695 -695 -695 -695 -696 -696 -696 -696 -697 -697 -697 -697 -697 -698 -698 -698 -698 -698 -698 -698 -698 -699 -699 -699 -699 -699 -699 -699 -699 -699 -699 -699 -699 -699 -699 -700 -700 -700 -700 -700 -700 -700 -700 -700
-658 -660 -661 -663 -665 -666 -668 -669 -671 -672 -673 -675 -676 -677 -678 -679 -680 -681 -682 -683 -684 -685 -685 -686 -687 -687 -688 -689 -689 -690 -690 -691 -691 -692 -692 -693 -693 -693 -694 -694 -695 -695 -695 -695 -696 -696 -696 -696 -697 -697 -697 -697 -697 -697 -698 -698 -698 -698 -698 -698 -698 -699 -699 -699 -699 -699 -699 -699 -699 -699 -699 -699 -699 -699 -699 -700 -700 -700 -700 -700 -700 -700 -700 -700
-657 -659 -660 -662 -664 -665 -667 -668 -670 -671 -673 -674 -675 -676 -677 -678 -680 -681 -681 -682 -683 -684 -685 -686 -686 -687 -688 -688 -689 -690 -690 -691 -691 -692 -692 -693 -693 -693 -694 -694 -694 -695 -695 -695 -696 -696 -696 -696 -697 -697 -697 -697 -697 -697 -698 -698 -698 -698 -698 -698 -698 -699 -699 -699 -699 -699 -699 -699 -699 -699 -699 -699 -699 -699 -699 -700 -700 -700 -700 -700 -700 -700 -700 -700
-656 -658 -659 -661 -663 -664 -666 -668 -669 -670 -672 -673 -674 -676 -677 -678 -679 -680 -681 -682 -683 -684 -685 -685 -686 -687 -688 -688 -689 -689 -690 -691 -691 -692 -692 -692 -693 -693 -694 -694 -694 -695 -695 -695 -696 -696 -696 -696 -697 -697 -697 -697 -697 -697 -698 -698 -698 -698 -698 -698 -698 -699 -699 -699 -699 -699 -699 -699 -699 -699 -699 -699 -699 -699 -699 -700 -700 -700 -700 -700 -700 -700 -700 -700
-655 -657 -659 -660 -662 -664 -665 -667 -668 -670 -671 -672 -674 -675 -676 -677 -679 -680 -681 -682 -683 -683 -684 -685 -686 -687 -687 -688 -689 -689 -690 -690 -691 -691 -692 -692 -693 -693 -694 -694 -694 -695 -695 -695 -696 -696 -696 -696 -697 -697 -697 -697 -697 -697 -698 -698 -698 -698 -698 -698 -698 -699 -699 -699 -699 -699 -699 -699 -699 -699 -699 -699 -699 -699 -700 -700 -700 -700 -700 -700 -700 -700 -700 -700
-654 -656 -658 -659 -661 -663 -664 -666 -668 -669 -670 -672 -673 -674 -676 -677 -678 -679 -680 -681 -682 -683 -684 -685 -686 -686 -687 -688 -689 -689 -690 -690 -691 -691 -692 -692 -693 -693 -694 -694 -694 -695 -695 -695 -696 -696 -696 -696 -697 -697 -697 -697 -697 -697 -698 -698 -698 -698 -698 -698 -698 -699 -699 -699 -699 -699 -699 -699 -699 -699 -699 -699 -699 -699 -700 -700 -700 -700 -700 -700 -700 -700 -700 -700
-653 -655 -657 -659 -660 -662 -664 -665 -667 -668 -670 -671 -673 -674 -675 -676 -678 -679 -680 -681 -682 -683 -684 -685 -685 -686 -687 -688 -688 -689 -690 -690 -691 -691 -692 -692 -693 -693 -694 -694 -694 -695 -695 -695 -696 -696 -696 -696 -697 -697 -697 -697 -697 -697 -698 -698 -698 -698 -698 -698 -698 -699 -699 -699 -699 -699 -699 -699 -699 -699 -699 -699 -699 -699 -700 -700 -700 -700 -700 -700 -700 -700 -700 -700
-652 -654 -656 -658 -660 -661 -663 -665 -666 -668 -669 -671 -672 -674 -675 -676 -677 -678 -680 -681 -682 -683 -684 -684 -685 -686 -687 -688 -688 -689 -690 -690 -691 -691 -692 -692 -693 -693 -694 -694 -694 -695 -695 -695 -696 -696 -696 -696 -697 -697 -697 -697 -697 -697 -698 -698 -698 -698 -698 -698 -698 -699 -699 -699 -699 -699 -699 -699 -699 -699 -699 -699 -699 -699 -700 -700 -700 -700 -700 -700 -700 -700 -700 -700
-652 -653 -655 -657 -659 -661 -662 -664 -666 -667 -669 -670 -672 -673 -674 -676 -677 -678 -679 -680 -681 -682 -683 -684 -685 -686 -687 -688 -688 -689 -690 -690 -691 -691 -692 -692 -693 -693 -694 -694 -694 -695 -695 -695 -696 -696 -696 -696 -697 -697 -697 -697 -697 -698 -698 -698 -698 -698 -698 -698 -698 -699 -699 -699 -699 -699 -699 -699 -699 -699 -699 -699 -699 -700 -700 -700 -700 -700 -700 -700 -700 -700 -700 -700
-651 -653 -655 -656 -658 -660 -662 -663 -665 -667 -668 -670 -671 -673 -674 -675 -677 -678 -679 -680 -681 -682 -683 -684 -685 -686 -687 -687 -688 -689 -690 -690 -691 -691 -692 -692 -693 -693 -694 -694 -694 -695 -695 -695 -696 -696 -696 -696 -697 -697 -697 -697 -697 -698 -698 -698 -698 -698 -698 -698 -699 -699 -699 -699 -699 -699 -699 -699 -699 -699 -699 -699 -699 -700 -700 -700 -700 -700 -700 -700 -700 -700 -700 -700
-650 -652 -654 -656 -658 -659 -661 -663 -665 -666 -668 -669 -671 -672 -674 -675 -676 -678 -679 -680 -681 -682 -683 -684 -685 -686 -687 -687 -688 -689 -689 -690 -691 -691 -692 -692 -693 -693 -694 -694 -694 -695 -695 -695 -696 -696 -696 -696 -697 -697 -697 -697 -697 -698 -698 -698 -698 -698 -698 -698 -699 -699 -699 -699 -699 -699 -699 -699 -699 -699 -699 -699 -699 -700 -700 -700 -700 -700 -700 -700 -700 -700 -700 -700
-649 -651 -653 -655 -657 -659 -661 -662 -664 -666 -667 -669 -671 -672 -673 -675 -676 -677 -679 -680 -681 -682 -683 -684 -685 -686 -687 -687 -688 -689 -690 -690 -691 -691 -692 -692 -693 -693 -694 -694 -694 -695 -695 -695 -696 -696 -696 -696 -697 -697 -697 -697 -697 -698 -698 -698 -698 -698 -698 -698 -699 -699 -699 -699 -699 -699 -699 -699 -699 -699 -699 -699 -700 -700 -700 -700 -700 -700 -700 -700 -700 -700 -700 -700
-649 -651 -653 -655 -656 -658 -660 -662 -664 -665 -667 -669 -670 -672 -673 -675 -676 -677 -679 -680 -681 -682 -683 -684 -685 -686 -687 -687 -688 -689 -690 -690 -691 -691 -692 -692 -693 -693 -694 -694 -694 -695 -695 -695 -696 -696 -696 -696 -697 -697 -697 -697 -697 -698 -698 -698 -698 -698 -698 -698 -699 -699 -699 -699 -699 -699 -699 -699 -699 -699 -699 -699 -700 -700 -700 -700 -700 -700 -700 -700 -700 -700 -700 -700
-648 -650 -652 -654 -656 -658 -660 -662 -663 -665 -667 -668 -670 -672 -673 -674 -676 -677 -678 -680 -681 -682 -683 -684 -685 -686 -687 -688 -688 -689 -690 -690 -691 -691 -692 -692 -693 -693 -694 -694 -695 -695 -695 -695 -696 -696 -696 -697 -697 -697 -697 -697 -698 -698 -698 -698 -698 -698 -698 -699 -699 -699 -699 -699 -699 -699 -699 -699 -699 -699 -699 -700 -700 -700 -700 -700 -700 -700 -700 -700 -700 -700 -700 -700
-647 -649 -651 -653 -655 -657 -659 -661 -663 -665 -666 -668 -670 -671 -673 -674 -676 -677 -678 -680 -681 -682 -683 -684 -685 -686 -687 -688 -688 -689 -690 -690 -691 -692 -692 -693 -693 -693 -694 -694 -695 -695 -695 -696 -696 -696 -696 -697 -697 -697 -697 -697 -698 -698 -698 -698 -698 -698 -698 -699 -699 -699 -699 -699 -699 -699 -699 -699 -699 -699 -699 -700 -700 -700 -700 -700 -700 -700 -700 -700 -700 -700 -700 -700
-647 -649 -651 -653 -655 -657 -659 -661 -663 -664 -666 -668 -670 -671 -673 -674 -676 -677 -678 -680 -681 -682 -683 -684 -685 -686 -687 -688 -688 -689 -690 -691 -691 -692 -692 -693 -693 -694 -694 -694 -695 -695 -695 -696 -696 -696 -696 -697 -697 -697 -697 -697 -698 -698 -698 -698 -698 -698 -698 -699 -699 -699 -699 -699 -699 -699 -699 -699 -699 -699 -700 -700 -700 -700 -700 -700 -700 -700 -700 -700 -700 -700 -700 -700
-646 -648 -650 -652 -654 -656 -658 -660 -662 -664 -666 -668 -669 -671 -673 -674 -676 -677 -678 -680 -681 -682 -683 -684 -685 -686 -687 -688 -689 -689 -690 -691 -691 -692 -692 -693 -693 -694 -694 -694 -695 -695 -695 -696 -696 -696 -697 -697 -697 -697 -697 -698 -698 -698 -698 -698 -698 -698 -699 -699 -699 -699 -699 -699 -699 -699 -699 -699 -699 -699 -700 -700 -700 -700 -700 -700 -700 -700 -700 -700 -700 -700 -700 -700
-645 -648 -650 -652 -654 -656 -658 -660 -662 -664 -666 -668 -669 -671 -673 -674 -676 -677 -679 -680 -681 -682 -683 -684 -685 -686 -687 -688 -689 -690 -690 -691 -691 -692 -692 -693 -693 -694 -694 -695 -695 -695 -696 -696 -696 -696 -697 -697 -697 -697 -697 -698 -698 -698 -698 -698 -698 -698 -699 -699 -699 -699 -699 -699 -699 -699 -699 -699 -699 -700 -700 -700 -700 -700 -700 -700 -700 -700 -700 -700 -700 -700 -700 -700
-645 -647 -649 -651 -654 -656 -658 -660 -662 -664 -666 -667 -669 -671 -673 -674 -676 -677 -679 -680 -681 -682 -684 -685 -686 -687 -688 -688 -689 -690 -690 -691 -692 -692 -693 -693 -694 -694 -694 -695 -695 -695 -696 -696 -696 -696 -697 -697 -697 -697 -698 -698 -698 -698 -698 -698 -698 -699 -699 -699 -699 -699 -699 -699 -699 -699 -699 -699 -700 -700 -700 -700 -700 -700 -700 -700 -700 -700 -700 -700 -700 -700 -700 -700
-644 -647 -649 -651 -653 -655 -657 -660 -662 -664 -665 -667 -669 -671 -673 -674 -676 -677 -679 -680 -682 -683 -684 -685 -686 -687 -688 -689 -689 -690 -691 -691 -692 -692 -693 -693 -694 -694 -695 -695 -695 -696 -696 -696 -696 -697 -697 -697 -697 -697 -698 -698 -698 -698 -698 -698 -698 -699 -699 -699 -699 -699 -699 -699 -699 -699 -699 -699 -700 -700 -700 -700 -700 -700 -700 -700 -700 -700 -700 -700 -700 -700 -700 -700
-644 -646 -648 -651 -653 -655 -657 -659 -661 -663 -665 -667 -669 -671 -673 -674 -676 -678 -679 -680 -682 -683 -684 -685 -686 -687 -688 -689 -690 -690 -691 -692 -692 -693 -693 -694 -694 -694 -695 -695 -695 -696 -696 -696 -696 -697 -697 -697 -697 -698 -698 -698 -698 -698 -698 -698 -699 -699 -699 -699 -699 -699 -699 -699 -699 -699 -699 -700 -700 -700 -700 -700 -700 -700 -700 -700 -700 -700 -700 -700 -700 -700 -700 -700
-643 -646 -648 -650 -653 -655 -657 -659 -661 -663 -665 -667 -669 -671 -673 -675 -676 -678 -679 -681 -682 -683 -685 -686 -687 -688 -688 -689 -690 -691 -691 -692 -692 -693 -693 -694 -694 -695 -695 -695 -696 -696 -696 -696 -697 -697 -697 -697 -697 -698 -698 -698 -698 -698 -698 -698 -699 -699 -699 -699 -699 -699 -699 -699 -699 -699 -700 -700 -700 -700 -700 -700 -700 -700 -700 -700 -700 -700 -700 -700 -700 -700 -700 -700
-643 -645 -648 -650 -652 -654 -657 -659 -661 -663 -665 -667 -669 -671 -673 -675 -677 -678 -680 -681 -683 -684 -685 -686 -687 -688 -689 -690 -690 -691 -692 -692 -693 -693 -694 -694 -694 -695 -695 -695 -696 -696 -696 -696 -697 -697 -697 -697 -698 -698 -698 -698 -698 -698 -698 -699 -699 -699 -699 -699 -699 -699 -699 -699 -699 -699 -700 -700 -700 -700 -700 -700 -700 -700 -700 -700 -700 -700 -700 -700 -700 -700 -700 -700
