data/arcascii/small_crm.asc~
ncols        241
nrows        241
xllcorner    -79.900416666667
yllcorner    29.399583333333
cellsize     0.000833333333
[rows 190 to 227 of 241, columns 0 to 83 of 241]
-642 -645 -647 -650 -652 -654 -657 -659 -661 -663 -665 -667 -669 -671 -673 -675 -677 -679 -680 -682 -683 -684 -686 -687 -688 -689 -689 -690 -691 -691 -692 -692 -693 -693 -694 -694 -695 -695 -695 -696 -696 -696 -696 -697 -697 -697 -697 -697 -698 -698 -698 -698 -698 -698 -699 -699 -699 -699 -699 -699 -699 -699 -699 -699 -699 -700 -700 -700 -700 -700 -700 -700 -700 -700 -700 -700 -700 -700 -700 -700 -700 -700 -700 -700
-642 -644 -647 -649 -652 -654 -656 -659 -661 -663 -665 -667 -670 -672 -674 -676 -677 -679 -681 -682 -684 -685 -686 -687 -688 -689 -690 -690 -691 -692 -692 -693 -693 -694 -694 -694 -695 -695 -695 -696 -696 -696 -697 -697 -697 -697 -697 -698 -698 -698 -698 -698 -698 -698 -699 -699 -699 -699 -699 -699 -699 -699 -699 -699 -700 -700 -700 -700 -700 -700 -700 -700 -700 -700 -700 -700 -700 -700 -700 -700 -700 -700 -700 -700
-642 -644 -647 -649 -651 -654 -656 -659 -661 -663 -665 -668 -670 -672 -674 -676 -678 -680 -681 -683 -684 -686 -687 -688 -689 -690 -690 -691 -692 -692 -693 -693 -694 -694 -694 -695 -695 -695 -696 -696 -696 -696 -697 -697 -697 -697 -698 -698 -698 -698 -698 -698 -698 -699 -699 -699 -699 -699 -699 -699 -699 -699 -699 -700 -700 -700 -700 -700 -700 -700 -700 -700 -700 -700 -700 -700 -700 -700 -700 -700 -700 -700 -700 -700
-641 -644 -646 -649 -651 -654 -656 -658 -661 -663 -665 -668 -670 -672 -674 -676 -678 -680 -682 -683 -685 -686 -687 -688 -689 -690 -691 -691 -692 -693 -693 -694 -694 -694 -695 -695 -695 -696 -696 -696 -696 -697 -697 -697 -697 -697 -698 -698 -698 -698 -698 -698 -699 -699 -699 -699 -699 -699 -699 -699 -699 -699 -699 -700 -700 -700 -700 -700 -700 -700 -700 -700 -700 -700 -700 -700 -700 -700 -700 -700 -700 -700 -700 -700
-641 -643 -646 -648 -651 -653 -656 -658 -661 -663 -666 -668 -670 -672 -675 -677 -679 -681 -682 -684 -685 -687 -688 -689 -690 -691 -691 -692 -693 -693 -694 -694 -694 -695 -695 -695 -696 -696 -696 -696 -697 -697 -697 -697 -697 -698 -698 -698 -698 -698 -698 -699 -699 -699 -699 -699 -699 -699 -699 -699 -699 -699 -700 -700 -700 -700 -700 -700 -700 -700 -700 -700 -700 -700 -700 -700 -700 -700 -700 -700 -700 -700 -700 -700
-640 -643 -646 -648 -651 -653 -656 -658 -661 -663 -666 -668 -670 -673 -675 -677 -679 -681 -683 -684 -686 -687 -689 -690 -690 -691 -692 -693 -693 -694 -694 -694 -695 -695 -695 -696 -696 -696 -696 -697 -697 -697 -697 -697 -698 -698 -698 -698 -698 -698 -698 -699 -699 -699 -699 -699 -699 -699 -699 -699 -699 -700 -700 -700 -700 -700 -700 -700 -700 -700 -700 -700 -700 -700 -700 -700 -700 -700 -700 -700 -700 -700 -700 -700
-640 -643 -645 -648 -650 -653 -656 -658 -661 -663 -666 -668 -671 -673 -675 -678 -680 -682 -683 -685 -687 -688 -689 -690 -691 -692 -693 -693 -694 -694 -694 -695 -695 -695 -696 -696 -696 -696 -697 -697 -697 -697 -697 -698 -698 -698 -698 -698 -698 -698 -699 -699 -699 -699 -699 -699 -699 -699 -699 -699 -700 -700 -700 -700 -700 -700 -700 -700 -700 -700 -700 -700 -700 -700 -700 -700 -700 -700 -700 -700 -700 -700 -700 -700
-640 -642 -645 -648 -650 -653 -655 -658 -661 -663 -666 -668 -671 -673 -676 -678 -680 -682 -684 -685 -687 -688 -690 -691 -692 -692 -693 -694 -694 -694 -695 -695 -695 -696 -696 -696 -696 -697 -697 -697 -697 -697 -698 -698 -698 -698 -698 -698 -698 -699 -699 -699 -699 -699 -699 -699 -699 -699 -699 -700 -700 -700 -700 -700 -700 -700 -700 -700 -700 -700 -700 -700 -700 -700 -700 -700 -700 -700 -700 -700 -700 -700 -700 -700
-639 -642 -645 -647 -650 -653 -655 -658 -661 -663 -666 -668 -671 -673 -676 -678 -680 -682 -684 -686 -687 -689 -690 -691 -692 -693 -694 -694 -695 -695 -695 -695 -696 -696 -696 -696 -697 -697 -697 -697 -697 -698 -698 -698 -698 -698 -698 -698 -699 -699 -699 -699 -699 -699 -699 -699 -699 -699 -700 -700 -700 -700 -700 -700 -700 -700 -700 -700 -700 -700 -700 -700 -700 -700 -700 -700 -700 -700 -700 -700 -700 -700 -700 -700
-639 -642 -644 -647 -650 -652 -655 -658 -660 -663 -666 -669 -671 -674 -676 -678 -681 -683 -684 -686 -688 -689 -691 -692 -693 -693 -694 -695 -695 -695 -695 -696 -696 -696 -696 -697 -697 -697 -697 -697 -698 -698 -698 -698 -698 -698 -698 -699 -699 -699 -699 -699 -699 -699 -699 -699 -699 -700 -700 -700 -700 -700 -700 -700 -700 -700 -700 -700 -700 -700 -700 -700 -700 -700 -700 -700 -700 -700 -700 -700 -700 -700 -700 -700
-639 -641 -644 -647 -649 -652 -655 -658 -660 -663 -666 -669 -671 -674 -676 -679 -681 -683 -685 -686 -688 -690 -691 -692 -693 -694 -694 -695 -695 -696 -696 -696 -696 -696 -697 -697 -697 -697 -697 -697 -698 -698 -698 -698 -698 -698 -699 -699 -699 -699 -699 -699 -699 -699 -699 -699 -700 -700 -700 -700 -700 -700 -700 -700 -700 -700 -700 -700 -700 -700 -700 -700 -700 -700 -700 -700 -700 -700 -700 -700 -700 -700 -700 -700
-638 -641 -644 -646 -649 -652 -655 -657 -660 -663 -666 -669 -671 -674 -676 -679 -681 -683 -685 -687 -688 -690 -691 -692 -693 -694 -695 -695 -696 -696 -696 -696 -696 -697 -697 -697 -697 -697 -697 -698 -698 -698 -698 -698 -698 -699 -699 -699 -699 -699 -699 -699 -699 -699 -699 -700 -700 -700 -700 -700 -700 -700 -700 -700 -700 -700 -700 -700 -700 -700 -700 -700 -700 -700 -700 -700 -700 -700 -700 -701 -701 -701 -701 -701
-638 -641 -643 -646 -649 -652 -654 -657 -660 -663 -666 -668 -671 -674 -676 -679 -681 -683 -685 -687 -688 -690 -691 -692 -694 -694 -695 -696 -696 -696 -696 -696 -697 -697 -697 -697 -697 -697 -698 -698 -698 -698 -698 -698 -699 -699 -699 -699 -699 -699 -699 -699 -699 -699 -700 -700 -700 -700 -700 -700 -700 -700 -700 -700 -700 -700 -700 -700 -700 -700 -700 -700 -700 -700 -700 -701 -701 -701 -701 -701 -701 -701 -701 -701
-637 -640 -643 -646 -648 -651 -654 -657 -660 -662 -665 -668 -671 -674 -676 -679 -681 -683 -685 -687 -688 -690 -691 -692 -694 -695 -695 -696 -696 -696 -696 -697 -697 -697 -697 -697 -697 -698 -698 -698 -698 -698 -698 -698 -699 -699 -699 -699 -699 -699 -699 -699 -699 -700 -700 -700 -700 -700 -700 -700 -700 -700 -700 -700 -700 -700 -700 -700 -700 -700 -700 -700 -700 -701 -701 -701 -701 -701 -701 -701 -701 -701 -701 -701
-637 -640 -642 -645 -648 -651 -654 -656 -659 -662 -665 -668 -671 -674 -676 -679 -681 -683 -685 -687 -688 -690 -691 -692 -694 -694 -695 -696 -696 -696 -697 -697 -697 -697 -697 -697 -698 -698 -698 -698 -698 -698 -698 -699 -699 -699 -699 -699 -699 -699 -699 -699 -700 -700 -700 -700 -700 -700 -700 -700 -700 -700 -700 -700 -700 -700 -700 -700 -700 -700 -700 -701 -701 -701 -701 -701 -701 -701 -701 -701 -701 -701 -701 -701
-637 -639 -642 -645 -648 -650 -653 -656 -659 -662 -665 -668 -670 -673 -676 -679 -681 -683 -685 -686 -688 -690 -691 -692 -693 -694 -695 -696 -696 -696 -697 -697 -697 -697 -697 -698 -698 -698 -698 -698 -698 -698 -699 -699 -699 -699 -699 -699 -699 -699 -699 -700 -700 -700 -700 -700 -700 -700 -700 -700 -700 -700 -700 -700 -700 -700 -700 -700 -700 -701 -701 -701 -701 -701 -701 -701 -701 -701 -701 -701 -701 -701 -701 -701
-636 -639 -642 -644 -647 -650 -653 -656 -659 -661 -664 -667 -670 -673 -676 -678 -680 -683 -684 -686 -688 -689 -691 -692 -693 -694 -695 -696 -696 -696 -697 -697 -697 -697 -697 -698 -698 -698 -698 -698 -698 -699 -699 -699 -699 -699 -699 -699 -699 -699 -700 -700 -700 -700 -700 -700 -700 -700 -700 -700 -700 -700 -700 -700 -700 -700 -700 -701 -701 -701 -701 -701 -701 -701 -701 -701 -701 -701 -701 -701 -701 -701 -701 -701
-636 -638 -641 -644 -647 -650 -652 -655 -658 -661 -664 -667 -670 -672 -675 -678 -680 -682 -684 -686 -688 -689 -691 -692 -693 -694 -695 -696 -696 -696 -697 -697 -697 -697 -697 -698 -698 -698 -698 -698 -698 -699 -699 -699 -699 -699 -699 -699 -699 -699 -700 -700 -700 -700 -700 -700 -700 -700 -700 -700 -700 -700 -700 -700 -700 -700 -701 -701 -701 -701 -701 -701 -701 -701 -701 -701 -701 -701 -701 -701 -701 -701 -701 -701
-635 -638 -641 -643 -646 -649 -652 -655 -658 -660 -663 -666 -669 -672 -675 -677 -679 -682 -684 -686 -687 -689 -690 -692 -693 -694 -695 -695 -696 -696 -696 -697 -697 -697 -698 -698 -698 -698 -698 -698 -699 -699 -699 -699 -699 -699 -699 -699 -699 -700 -700 -700 -700 -700 -700 -700 -700 -700 -700 -700 -700 -700 -700 -700 -701 -701 -701 -701 -701 -701 -701 -701 -701 -701 -701 -701 -701 -701 -701 -701 -701 -701 -701 -701
-635 -637 -640 -643 -646 -649 -651 -654 -657 -660 -663 -666 -668 -671 -674 -676 -679 -681 -683 -685 -687 -689 -690 -692 -693 -694 -695 -695 -696 -696 -696 -697 -697 -697 -698 -698 -698 -698 -698 -698 -699 -699 -699 -699 -699 -699 -699 -699 -700 -700 -700 -700 -700 -700 -700 -700 -700 -700 -700 -700 -700 -700 -700 -701 -701 -701 -701 -701 -701 -701 -701 -701 -701 -701 -701 -701 -701 -701 -701 -701 -701 -701 -701 -701
-634 -637 -640 -643 -645 -648 -651 -654 -657 -659 -662 -665 -668 -671 -673 -676 -678 -681 -683 -685 -687 -689 -690 -691 -693 -694 -694 -695 -695 -696 -696 -697 -697 -697 -698 -698 -698 -698 -698 -699 -699 -699 -699 -699 -699 -699 -699 -699 -700 -700 -700 -700 -700 -700 -700 -700 -700 -700 -700 -700 -700 -700 -701 -701 -701 -701 -701 -701 -701 -701 -701 -701 -701 -701 -701 -701 -701 -701 -701 -701 -701 -701 -701 -701
-634 -636 -639 -642 -645 -648 -651 -653 -656 -659 -662 -665 -667 -670 -673 -675 -678 -680 -683 -685 -687 -688 -690 -691 -693 -694 -694 -695 -695 -696 -696 -697 -697 -697 -698 -698 -698 -698 -698 -699 -699 -699 -699 -699 -699 -699 -699 -700 -700 -700 -700 -700 -700 -700 -700 -700 -700 -700 -700 -700 -700 -701 -701 -701 -701 -701 -701 -701 -701 -701 -701 -701 -701 -701 -701 -701 -701 -701 -701 -701 -701 -701 -701 -701
-633 -636 -639 -642 -644 -647 -650 -653 -656 -658 -661 -664 -667 -670 -672 -675 -677 -680 -682 -684 -686 -688 -690 -691 -692 -694 -694 -695 -696 -696 -696 -697 -697 -697 -698 -698 -698 -698 -698 -699 -699 -699 -699 -699 -699 -699 -699 -700 -700 -700 -700 -700 -700 -700 -700 -700 -700 -700 -700 -700 -701 -701 -701 -701 -701 -701 -701 -701 -701 -701 -701 -701 -701 -701 -701 -701 -701 -701 -701 -701 -701 -701 -701 -701
-633 -635 -638 -641 -644 -647 -650 -652 -655 -658 -661 -664 -666 -669 -672 -674 -677 -679 -682 -684 -686 -688 -690 -691 -692 -694 -694 -695 -696 -696 -696 -697 -697 -697 -698 -698 -698 -698 -698 -699 -699 -699 -699 -699 -699 -699 -700 -700 -700 -700 -700 -700 -700 -700 -700 -700 -700 -700 -700 -701 -701 -701 -701 -701 -701 -701 -701 -701 -701 -701 -701 -701 -701 -701 -701 -701 -701 -701 -701 -701 -701 -701 -701 -701
-632 -635 -638 -641 -643 -646 -649 -652 -655 -658 -660 -663 -666 -669 -671 -674 -676 -679 -681 -684 -686 -688 -689 -691 -692 -694 -694 -695 -696 -696 -696 -697 -697 -697 -698 -698 -698 -698 -699 -699 -699 -699 -699 -699 -699 -699 -700 -700 -700 -700 -700 -700 -700 -700 -700 -700 -700 -700 -701 -701 -701 -701 -701 -701 -701 -701 -701 -701 -701 -701 -701 -701 -701 -701 -701 -701 -701 -701 -701 -701 -701 -701 -701 -701
-632 -634 -637 -640 -643 -646 -649 -651 -654 -657 -660 -663 -665 -668 -671 -673 -676 -679 -681 -683 -686 -688 -689 -691 -692 -694 -694 -695 -696 -696 -697 -697 -697 -698 -698 -698 -698 -698 -699 -699 -699 -699 -699 -699 -699 -699 -700 -700 -700 -700 -700 -700 -700 -700 -700 -700 -700 -701 -701 -701 -701 -701 -701 -701 -701 -701 -701 -701 -701 -701 -701 -701 -701 -701 -701 -701 -701 -701 -701 -701 -701 -701 -701 -701
-631 -634 -637 -640 -642 -645 -648 -651 -654 -657 -659 -662 -665 -668 -670 -673 -676 -678 -681 -683 -685 -687 -689 -691 -692 -694 -695 -695 -696 -696 -697 -697 -697 -698 -698 -698 -698 -698 -699 -699 -699 -699 -699 -699 -699 -700 -700 -700 -700 -700 -700 -700 -700 -700 -700 -700 -701 -701 -701 -701 -701 -701 -701 -701 -701 -701 -701 -701 -701 -701 -701 -701 -701 -701 -701 -701 -701 -701 -701 -701 -701 -701 -701 -701
-631 -633 -636 -639 -642 -645 -648 -650 -653 -656 -659 -662 -665 -667 -670 -673 -675 -678 -681 -683 -685 -687 -689 -691 -692 -694 -695 -695 -696 -696 -697 -697 -697 -698 -698 -698 -698 -698 -699 -699 -699 -699 -699 -699 -699 -700 -700 -700 -700 -700 -700 -700 -700 -700 -700 -700 -701 -701 -701 -701 -701 -701 -701 -701 -701 -701 -701 -701 -701 -701 -701 -701 -701 -701 -701 -701 -701 -701 -701 -701 -701 -701 -701 -701
-630 -633 -636 -639 -642 -644 -647 -650 -653 -656 -658 -661 -664 -667 -670 -672 -675 -678 -680 -683 -685 -687 -689 -691 -692 -693 -694 -695 -696 -696 -697 -697 -697 -698 -698 -698 -698 -698 -699 -699 -699 -699 -699 -699 -699 -700 -700 -700 -700 -700 -700 -700 -700 -700 -700 -701 -701 -701 -701 -701 -701 -701 -701 -701 -701 -701 -701 -701 -701 -701 -701 -701 -701 -701 -701 -701 -701 -701 -701 -701 -701 -701 -701 -701
-630 -633 -635 -638 -641 -644 -647 -650 -652 -655 -658 -661 -664 -666 -669 -672 -675 -678 -680 -683 -685 -687 -689 -691 -692 -693 -694 -695 -696 -697 -697 -697 -697 -698 -698 -698 -698 -698 -699 -699 -699 -699 -699 -699 -699 -700 -700 -700 -700 -700 -700 -700 -700 -700 -700 -701 -701 -701 -701 -701 -701 -701 -701 -701 -701 -701 -701 -701 -701 -701 -701 -701 -701 -701 -701 -701 -701 -701 -701 -701 -701 -701 -701 -701
-629 -632 -635 -638 -641 -643 -646 -649 -652 -655 -658 -660 -663 -666 -669 -672 -675 -677 -680 -683 -685 -687 -689 -690 -692 -693 -694 -695 -696 -696 -697 -697 -697 -698 -698 -698 -698 -698 -698 -699 -699 -699 -699 -699 -699 -700 -700 -700 -700 -700 -700 -700 -700 -700 -700 -701 -701 -701 -701 -701 -701 -701 -701 -701 -701 -701 -701 -701 -701 -701 -701 -701 -701 -701 -701 -701 -701 -701 -701 -701 -701 -701 -701 -701
-629 -632 -635 -637 -640 -643 -646 -649 -651 -654 -657 -660 -663 -666 -668 -671 -674 -677 -680 -683 -685 -687 -689 -690 -692 -693 -694 -695 -696 -696 -697 -697 -697 -697 -698 -698 -698 -698 -698 -699 -699 -699 -699 -699 -699 -699 -700 -700 -700 -700 -700 -700 -700 -700 -701 -701 -701 -701 -701 -701 -701 -701 -701 -701 -701 -701 -701 -701 -701 -701 -701 -701 -701 -701 -701 -701 -701 -701 -701 -701 -701 -701 -701 -701
-629 -631 -634 -637 -640 -643 -645 -648 -651 -654 -657 -659 -662 -665 -668 -671 -674 -677 -680 -683 -685 -687 -688 -690 -691 -693 -694 -695 -696 -696 -697 -697 -697 -697 -698 -698 -698 -698 -698 -698 -699 -699 -699 -699 -699 -699 -700 -700 -700 -700 -700 -700 -700 -700 -701 -701 -701 -701 -701 -701 -701 -701 -701 -701 -701 -701 -701 -701 -701 -701 -701 -701 -701 -701 -701 -701 -701 -702 -702 -701 -701 -701 -701 -701
-628 -631 -634 -637 -639 -642 -645 -648 -651 -653 -656 -659 -662 -665 -667 -670 -673 -676 -679 -682 -684 -686 -688 -690 -691 -692 -694 -695 -695 -696 -696 -697 -697 -697 -697 -698 -698 -698 -698 -698 -699 -699 -699 -699 -699 -699 -700 -700 -700 -700 -700 -700 -700 -700 -701 -701 -701 -701 -701 -701 -701 -701 -701 -701 -701 -701 -701 -701 -701 -701 -701 -701 -702 -702 -702 -702 -702 -702 -702 -702 -702 -702 -702 -702
-628 -631 -633 -636 -639 -642 -644 -647 -650 -653 -656 -658 -661 -664 -667 -670 -673 -676 -678 -681 -684 -686 -688 -689 -691 -692 -693 -694 -695 -696 -696 -696 -697 -697 -697 -697 -698 -698 -698 -698 -698 -699 -699 -699 -699 -699 -700 -700 -700 -700 -700 -700 -700 -700 -701 -701 -701 -701 -701 -701 -701 -701 -701 -701 -701 -701 -701 -701 -701 -701 -702 -702 -702 -702 -702 -702 -702 -702 -702 -702 -702 -702 -702 -702
-627 -630 -633 -636 -638 -641 -644 -647 -650 -652 -655 -658 -661 -664 -666 -669 -672 -675 -678 -681 -683 -685 -687 -689 -690 -692 -693 -694 -695 -695 -696 -696 -696 -697 -697 -697 -697 -698 -698 -698 -698 -699 -699 -699 -699 -699 -700 -700 -700 -700 -700 -700 -700 -701 -701 -701 -701 -701 -701 -701 -701 -701 -701 -701 -701 -701 -701 -701 -702 -702 -702 -702 -702 -702 -702 -702 -702 -702 -702 -702 -702 -702 -702 -702
-627 -630 -632 -635 -638 -641 -643 -646 -649 -652 -655 -657 -660 -663 -666 -669 -671 -674 -677 -679 -682 -684 -686 -688 -689 -691 -692 -693 -694 -695 -695 -695 -696 -696 -697 -697 -697 -697 -698 -698 -698 -698 -699 -699 -699 -699 -700 -700 -700 -700 -700 -700 -700 -701 -701 -701 -701 -701 -701 -701 -701 -701 -701 -701 -701 -701 -701 -702 -702 -702 -702 -702 -702 -702 -702 -702 -702 -702 -702 -702 -702 -702 -702 -702
-626 -629 -632 -635 -637 -640 -643 -646 -649 -651 -654 -657 -660 -662 -665 -668 -671 -673 -676 -678 -681 -683 -685 -687 -689 -690 -691 -692 -693 -694 -694 -695 -695 -696 -696 -697 -697 -697 -698 -698 -698 -698 -699 -699 -699 -699 -699 -700 -700 -700 -700 -700 -700 -701 -701 -701 -701 -701 -701 -701 -701 -701 -701 -701 -701 -701 -702 -702 -702 -702 -702 -702 -702 -702 -702 -702 -702 -702 -702 -702 -702 -702 -702 -702
