%%
% Results of CASS/GRAB scenario
%
function result = grab_flat() 

table = [
      0.10000000E-01     -0.19969777E+02
      0.20000000E-01     -0.25892359E+02
      0.30000000E-01     -0.29256849E+02
      0.40000000E-01     -0.31537743E+02
      0.50000000E-01     -0.33231097E+02
      0.60000000E-01     -0.34519461E+02
      0.70000000E-01     -0.35564085E+02
      0.80000000E-01     -0.36410377E+02
      0.90000000E-01     -0.37121688E+02
      0.10000000E+00     -0.37732216E+02
      0.11000000E+00     -0.38242236E+02
      0.12000000E+00     -0.38696707E+02
      0.13000000E+00     -0.39106534E+02
      0.14000000E+00     -0.39472607E+02
      0.15000000E+00     -0.39811759E+02
      0.16000000E+00     -0.40112650E+02
      0.17000000E+00     -0.40386121E+02
      0.18000000E+00     -0.40647410E+02
      0.19000000E+00     -0.40652121E+02
      0.20000000E+00     -0.41133114E+02
      0.21000000E+00     -0.41343476E+02
      0.22000000E+00     -0.41054562E+02
      0.23000000E+00     -0.41767146E+02
      0.24000000E+00     -0.41939086E+02
      0.25000000E+00     -0.42130893E+02
      0.26000000E+00     -0.42298856E+02
      0.27000000E+00     -0.42466350E+02
      0.28000000E+00     -0.42631912E+02
      0.29000000E+00     -0.42781861E+02
      0.30000000E+00     -0.42931609E+02
      0.31000000E+00     -0.42935933E+02
      0.32000000E+00     -0.43219441E+02
      0.33000000E+00     -0.43120523E+02
      0.34000000E+00     -0.43488101E+02
      0.35000000E+00     -0.43609802E+02
      0.36000000E+00     -0.43730826E+02
      0.37000000E+00     -0.43812896E+02
      0.38000000E+00     -0.43842337E+02
      0.39000000E+00     -0.44090463E+02
      0.40000000E+00     -0.44202588E+02
      0.41000000E+00     -0.44304991E+02
      0.42000000E+00     -0.44419493E+02
      0.43000000E+00     -0.44436598E+02
      0.44000000E+00     -0.44126621E+02
      0.45000000E+00     -0.44566493E+02
      0.46000000E+00     -0.44784806E+02
      0.47000000E+00     -0.44916230E+02
      0.48000000E+00     -0.44975444E+02
      0.49000000E+00     -0.44976356E+02
      0.50000000E+00     -0.45103840E+02
      0.51000000E+00     -0.45216623E+02
      0.52000000E+00     -0.45323234E+02
      0.53000000E+00     -0.45332278E+02
      0.54000000E+00     -0.45486774E+02
      0.55000000E+00     -0.45460033E+02
      0.56000000E+00     -0.45684848E+02
      0.57000000E+00     -0.45572961E+02
      0.58000000E+00     -0.45832911E+02
      0.59000000E+00     -0.45892835E+02
      0.60000000E+00     -0.45954622E+02
      0.61000000E+00     -0.46056431E+02
      0.62000000E+00     -0.46028711E+02
      0.63000000E+00     -0.46106520E+02
      0.64000000E+00     -0.46281162E+02
      0.65000000E+00     -0.46163646E+02
      0.66000000E+00     -0.46199430E+02
      0.67000000E+00     -0.46458331E+02
      0.68000000E+00     -0.46518029E+02
      0.69000000E+00     -0.46507976E+02
      0.70000000E+00     -0.46686170E+02
      0.71000000E+00     -0.46722523E+02
      0.72000000E+00     -0.46791658E+02
      0.73000000E+00     -0.46717625E+02
      0.74000000E+00     -0.46896145E+02
      0.75000000E+00     -0.46841122E+02
      0.76000000E+00     -0.46885212E+02
      0.77000000E+00     -0.46988531E+02
      0.78000000E+00     -0.46933574E+02
      0.79000000E+00     -0.47107773E+02
      0.80000000E+00     -0.47249046E+02
      0.81000000E+00     -0.47276198E+02
      0.82000000E+00     -0.47263873E+02
      0.83000000E+00     -0.47214390E+02
      0.84000000E+00     -0.47473330E+02
      0.85000000E+00     -0.47402486E+02
      0.86000000E+00     -0.47586361E+02
      0.87000000E+00     -0.47550793E+02
      0.88000000E+00     -0.47634641E+02
      0.89000000E+00     -0.47510682E+02
      0.90000000E+00     -0.47626683E+02
      0.91000000E+00     -0.47732027E+02
      0.92000000E+00     -0.47883430E+02
      0.93000000E+00     -0.47815048E+02
      0.94000000E+00     -0.47984948E+02
      0.95000000E+00     -0.48007702E+02
      0.96000000E+00     -0.48058130E+02
      0.97000000E+00     -0.47980378E+02
      0.98000000E+00     -0.48111035E+02
      0.99000000E+00     -0.48222627E+02
      0.10000000E+01     -0.48270217E+02
      0.10100000E+01     -0.48187939E+02
      0.10200000E+01     -0.48347796E+02
      0.10300000E+01     -0.48408343E+02
      0.10400000E+01     -0.48216542E+02
      0.10500000E+01     -0.48376347E+02
      0.10600000E+01     -0.48511217E+02
      0.10700000E+01     -0.48481841E+02
      0.10800000E+01     -0.48604711E+02
      0.10900000E+01     -0.48602070E+02
      0.11000000E+01     -0.48688770E+02
      0.11100000E+01     -0.48726928E+02
      0.11200000E+01     -0.48687204E+02
      0.11300000E+01     -0.48734755E+02
      0.11400000E+01     -0.48846431E+02
      0.11500000E+01     -0.48813270E+02
      0.11600000E+01     -0.48860811E+02
      0.11700000E+01     -0.48854527E+02
      0.11800000E+01     -0.48970693E+02
      0.11900000E+01     -0.48829452E+02
      0.12000000E+01     -0.48910022E+02
      0.12100000E+01     -0.49114148E+02
      0.12200000E+01     -0.49130149E+02
      0.12300000E+01     -0.49179583E+02
      0.12400000E+01     -0.49206364E+02
      0.12500000E+01     -0.49209283E+02
      0.12600000E+01     -0.49232423E+02
      0.12700000E+01     -0.49330544E+02
      0.12800000E+01     -0.49328268E+02
      0.12900000E+01     -0.49336957E+02
      0.13000000E+01     -0.49410640E+02
      0.13100000E+01     -0.49404772E+02
      0.13200000E+01     -0.49406731E+02
      0.13300000E+01     -0.49531623E+02
      0.13400000E+01     -0.49568101E+02
      0.13500000E+01     -0.49548510E+02
      0.13600000E+01     -0.49583738E+02
      0.13700000E+01     -0.49563666E+02
      0.13800000E+01     -0.49682983E+02
      0.13900000E+01     -0.49708964E+02
      0.14000000E+01     -0.49598577E+02
      0.14100000E+01     -0.49659219E+02
      0.14200000E+01     -0.49813880E+02
      0.14300000E+01     -0.49820328E+02
      0.14400000E+01     -0.49813303E+02
      0.14500000E+01     -0.49926407E+02
      0.14600000E+01     -0.49952341E+02
      0.14700000E+01     -0.49923741E+02
      0.14800000E+01     -0.49869356E+02
      0.14900000E+01     -0.50050982E+02
      0.15000000E+01     -0.50040747E+02
      0.15100000E+01     -0.50074610E+02
      0.15200000E+01     -0.50130209E+02
      0.15300000E+01     -0.50131990E+02
      0.15400000E+01     -0.50081640E+02
      0.15500000E+01     -0.50173066E+02
      0.15600000E+01     -0.50189220E+02
      0.15700000E+01     -0.50250016E+02
      0.15800000E+01     -0.50307284E+02
      0.15900000E+01     -0.50337663E+02
      0.16000000E+01     -0.50363636E+02
      0.16100000E+01     -0.50318870E+02
      0.16200000E+01     -0.50362262E+02
      0.16300000E+01     -0.50419380E+02
      0.16400000E+01     -0.50482073E+02
      0.16500000E+01     -0.50493475E+02
      0.16600000E+01     -0.50484050E+02
      0.16700000E+01     -0.50498529E+02
      0.16800000E+01     -0.50450419E+02
      0.16900000E+01     -0.50610707E+02
      0.17000000E+01     -0.50636748E+02
      0.17100000E+01     -0.50646292E+02
      0.17200000E+01     -0.50647413E+02
      0.17300000E+01     -0.50688710E+02
      0.17400000E+01     -0.50700448E+02
      0.17500000E+01     -0.50693322E+02
      0.17600000E+01     -0.50798320E+02
      0.17700000E+01     -0.50817595E+02
      0.17800000E+01     -0.50836137E+02
      0.17900000E+01     -0.50848784E+02
      0.18000000E+01     -0.50851939E+02
      0.18100000E+01     -0.50869762E+02
      0.18200000E+01     -0.50891195E+02
      0.18300000E+01     -0.50936140E+02
      0.18400000E+01     -0.50988725E+02
      0.18500000E+01     -0.51009201E+02
      0.18600000E+01     -0.50995993E+02
      0.18700000E+01     -0.51040990E+02
      0.18800000E+01     -0.51072582E+02
      0.18900000E+01     -0.51045208E+02
      0.19000000E+01     -0.51136538E+02
      0.19100000E+01     -0.51125229E+02
      0.19200000E+01     -0.51191989E+02
      0.19300000E+01     -0.51165232E+02
